200 0.000000 0.000000 0.000000 0.000000
400 0.000000 0.000000 0.000000 0.000000
600 0.015000 0.000000 0.000000 0.000000
800 0.000000 0.042000 0.005000 0.000000
1000 0.012000 0.007000 0.008000 0.001000
1200 0.011000 0.016000 0.000000 0.000000
1400 0.031000 0.016000 0.016000 0.000000
1600 0.015000 0.016000 0.016000 0.000000
1800 0.027000 0.031000 0.016000 0.000000
2000 0.047000 0.015000 0.016000 0.000000
2200 0.056000 0.032000 0.031000 0.000000
2400 0.076000 0.027000 0.031000 0.000000
2600 0.092000 0.045000 0.053000 0.009000
2800 0.126000 0.033000 0.082000 0.001000
3000 0.098000 0.062000 0.098000 0.003000
3200 0.111000 0.062000 0.225000 0.002000
3400 0.252000 0.049000 0.062000 0.000000
3600 0.178000 0.079000 0.117000 0.000000
3800 0.359000 0.070000 0.078000 0.000000
4000 0.175000 0.078000 0.211000 0.002000
4200 0.448000 0.095000 0.130000 0.000000
4400 0.323000 0.100000 0.113000 0.000000
4600 0.306000 0.240000 0.277000 0.015000
4800 0.326000 0.125000 0.122000 0.000000
5000 0.319000 0.208000 0.168000 0.000000
5200 0.338000 0.133000 0.149000 0.002000
5400 0.341000 0.152000 0.185000 0.003000
5600 0.379000 0.168000 0.179000 0.003000
5800 0.344000 0.273000 0.213000 0.003000
6000 0.354000 0.180000 0.531000 0.003000
6200 0.940000 0.214000 0.211000 0.000000
6400 1.718000 0.221000 0.280000 0.008000
6600 1.489000 0.271000 0.349000 0.003000
6800 0.606000 0.914000 0.752000 0.004000
7000 1.036000 0.720000 0.335000 0.000000
7200 0.896000 0.248000 0.298000 0.005000
7400 0.575000 0.454000 1.951000 0.000000
7600 1.912000 0.613000 0.567000 0.021000
7800 0.743000 0.475000 0.428000 0.004000
8000 0.844000 0.335000 0.377000 0.006000
8200 0.807000 0.448000 0.377000 0.000000
8400 0.770000 0.359000 0.367000 0.007000
8600 0.905000 0.362000 0.381000 0.000000
8800 0.934000 0.922000 0.648000 0.006000
9000 1.343000 0.647000 0.741000 0.005000
9200 0.951000 0.486000 0.484000 0.005000
9400 0.954000 0.560000 0.550000 0.006000
9600 1.022000 0.485000 0.571000 0.005000
9800 1.169000 0.647000 0.626000 0.008000
10000 1.349000 0.619000 0.608000 0.005000
10200 1.068000 0.541000 0.547000 0.000000
10400 1.382000 0.878000 0.666000 0.007000
10600 1.261000 0.892000 0.884000 0.009000
10800 1.729000 0.820000 0.894000 0.006000
11000 1.745000 0.739000 1.099000 0.006000
11200 1.521000 1.313000 1.819000 0.011000
11400 1.662000 0.673000 0.701000 0.000000
11600 1.395000 0.716000 0.735000 0.006000
11800 1.513000 0.814000 0.727000 0.005000
12000 1.477000 0.768000 0.754000 0.000000
12200 1.500000 0.936000 0.856000 0.008000
12400 2.038000 0.781000 0.803000 0.000000
12600 1.591000 0.955000 0.830000 0.007000
12800 2.055000 1.353000 1.335000 0.009000
13000 1.870000 0.898000 0.915000 0.014000
13200 1.940000 0.914000 0.940000 0.007000
13400 2.377000 1.107000 1.652000 0.008000
13600 1.932000 0.962000 0.957000 0.002000
13800 1.978000 0.989000 1.031000 0.008000
14000 1.963000 0.994000 1.109000 0.008000
14200 2.023000 1.268000 1.040000 0.000000
14400 4.121000 1.366000 1.485000 0.009000
14600 2.387000 1.384000 1.122000 0.003000
14800 2.454000 1.116000 1.136000 0.017000
15000 2.373000 1.414000 1.291000 0.039000
15200 2.737000 1.438000 1.588000 0.009000
15400 3.063000 1.354000 1.286000 0.009000
15600 2.681000 1.508000 1.270000 0.009000
15800 3.051000 1.362000 1.537000 0.001000
16000 2.818000 1.401000 1.329000 0.016000
16200 2.980000 1.448000 1.625000 0.016000
16400 3.339000 1.475000 1.818000 0.013000
16600 2.892000 1.553000 1.752000 0.016000
16800 3.603000 1.955000 1.559000 0.000000
17000 3.352000 1.534000 1.578000 0.012000
17200 3.108000 1.563000 2.745000 0.011000
17400 3.659000 1.804000 2.276000 0.014000
17600 3.913000 3.560000 3.696000 0.014000
17800 4.895000 1.985000 1.924000 0.010000
18000 3.838000 1.945000 1.808000 0.013000
18200 3.623000 1.980000 1.887000 0.010000
18400 3.888000 1.811000 1.905000 0.011000
18600 3.833000 2.051000 2.020000 0.018000
18800 4.397000 1.976000 1.985000 0.011000
19000 4.101000 1.966000 2.010000 0.011000
19200 4.200000 1.945000 2.082000 0.011000
19400 4.059000 2.046000 2.365000 0.011000
19600 4.413000 2.093000 2.395000 0.011000
19800 4.267000 2.500000 2.141000 0.012000
20000 4.197000 2.870000 2.207000 0.012000
